30020000077865
002512
005810
002414
002397
002438
30020000081457
30020000079642
30020000081151
30020000030784
30020000075469
004760
002366
30020000094208
30020000094207
30020000073572
002356
30020000108115
002036
002256
007755
002406
003504
007334
006904
003802
002369
30020000080210
30020000019850
30020000039234
30020000078601
30020000073364
1006822
30020000090787
1006828
30020000066275
007249
30020000073192
30020000074965
003773
004295
30020000068771
005574
002443
002337
002401
002370
002381
002790
005252
300200000108346
30020000059798
002368
30020000019914
1008033
1001317
30020000079222
003767
30020000063998
1003274
004739
30020000094228
002673
002358
1002885
004551
007079
30020000032928
30020000022921
40040000017041
30020000046241
30020000068625
002394
1003088
1003063
1008068
30020000055050
30020000040595
30020000061580
30020000077408
002608
30020000086146
30020000092955
1002193
007364
004531
002614
1003056
1003058
30020000006627
30020000023653
30020000073187
30020000038089
30020000019564
30020000108124
30020000002060
30020000079461
30020000031310
30020000000256
30020000038203
30020000037642
30020000055767
1003057
30020000073713
1008015
1008005
1008017
1008067
1003049
30020000055500
30020000038252
30020000073889
30020000038097
30020000042115
30020000038644
30020000033339
30020000061310
30020000061309
30020000022895
30020000038575
30020000038126
30020000040865
30020000079495
30020000078685
30020000023180
30020000039092
30020000066934
30020000037609
30020000021815
30020000066932
30020000054412
30020000034699
008612
30020000020449
30020000016859
30020000080433
30020000037756
30020000061238
1007023
30020000037999
30020000023007
30020000020164
30020000021831
30020000055506
30020000041223
30020000055528
30020000040666
30020000038568
30020000074862
30020000035175
30020000035245
007650
30020000038783
30020000061036
30020000061817
30020000041199
30020000054797
30020000038935
30020000041225
30020000061232
30020000035499
30020000050749
30020000032926
30020000038571
30020000022894
30020000041215
30020000052539
30020000040729
30020000108953
30020000073215
1002140
30020000031358
30020000033025
30020000040720
30020000038111
30020000061505
30020000034584
30020000038941
30020000040881
30020000038001
30020000038015
30020000061501
30020000061371
30020000038013
1003086
005670
1008007
30020000055662
30020000037707
30020000036244
1006877
30020000073872
30020000020470
30020000038035
30020000034889
30020000038817
30020000042491
004689
004654
004670
30020000034223
004671
005542
004616
1003041
30020000021111
30020000021300
1006867
30020000023139
30020000023140
30020000023135
003958
30020000023538
30020000023148
30020000034828
30020000034659
30020000034655
30020000038094
30020000094081
1003053
30020000019894
30020000032921
30020000035261
30020000066583
30020000038964
30020000027321
30020000011799
30020000054970
30020000022950
003910
30020000080963
30020000034586
30020000034675
30020000040716
30020000037791
1003040
30020000018639
30020000073351
30020000033776
30020000061572
30020000037644
30020000021651
30020000022924
1003003
1003005
30020000061765
30020000022665
30020000021452
30020000019289
30020000019176
30020000032649
1003061
30020000061420
30020000061419
30020000019103
30020000021389
30020000074234
30020000073773
30020000040822
30020000034114
1006935
30020000037752
30020000023151
30020000019763
30020000021915
30020000020191
30020000038923
30020000041475
30020000061161
30020000021747
30020000038029
30020000019958
30020000039204
30020000068034
30020000038130
30020000038209
30020000041755
30020000035221
30020000037974
30020000005860
30020000038553
30020000037972
30020000055867
30020000040701
30020000049061
30020000061354
30020000061015
30020000032773
30020000038215
30020000041007
30020000035248
30020000038154
30020000039057
30020000034590
30020000040684
30020000036909
30020000075318
30020000077210
30020000023524
004623
30020000021739
30020000039211
40040000017019
30020000034530
30020000038749
30020000040709
30020000022542
30020000023053
30020000048113
005785
30020000094159
30020000080459
30020000039032
30020000080304
30020000019830
30020000040862
30020000038083
30020000042553
30020000039105
30020000021749
30020000040717
30020000073707
30020000034781
007395
30020000055090
30020000054522
30020000054793
30020000042250
30020000061004
30020000019944
30020000074849
30020000019988
30020000019989
30020000037666
30020000066959
30020000094449
30020000022696
30020000061529
1003055
30020000076756
30020000108671
30020000027373
1003228
30020000075944
002979
30020000108502
1003161
30020000031146
30020000035098
30020000027568
30020000077810
30020000035875
30020000000098
1003010
1003084
30020000073596
1002906
30020000073600
006687
006688
1002999
30020000074488
1002909
1007029
1002902
1002904
30020000079369
008049
30020000012608
30020000037892
1002752
006554
006574
1002750
1002751
1002757
1002993
30020000080943
30020000080776
009291
004906
30020000030886
30020000030880
30020000030879
30020000030883
1003283
30020000005686
30020000005682
30020000005683
30020000018364
30020000007614
006535
30020000055917
30020000086827
30020000086751
30020000030871
30020000018434
30020000012355
1006883
1006863
30020000086826
30020000007626
30020000004937
30020000003985
30020000004938
30020000004939
30020000003983
30020000004941
30020000018395
30020000012358
30020000018419
30020000031315
30020000092421
30020000007613
30020000012616
30020000012615
30020000012607
30020000092066
30020000092420
30020000031427
1007046
30020000031273
30020000074514
1006810
1007041
1003089
30020000012088
30020000079823
30020000079824
1003007
006505
1002755
007375
30020000092403
006435
006538
1002989
1007027
1007035
30020000003089
30020000005599
30020000020930
30020000018619
30020000031085
1003129
1007053
30020000092271
30020000092272
30020000003529
30020000041214
30020000031035
30020000032805
30020000073710
30020000038910
30020000004395
30020000036759
30020000012455
30020000079510
30020000022352
30020000054502
30020000038888
30020000075068
30020000054680
30020000021700
30020000019895
30020000054972
40040000014995
30020000035423
006518
30020000040668
30020000040699
30020000021688
30020000038953
30020000021694
30020000052115
30020000020083
1006839
003774
003796
1002134
30020000038134
30020000019632
30020000038354
30020000057922
30020000075965
30020000028229
1006848
30020000073821
002344
003581
002470
1002207
1003052
30020000092857
002334
30020000066208
30020000039415
30020000050302
1006806
30020000089350
1003250
1003244
002974
1003248
30020000039000
30020000003625
30020000108022
006590
30020000079691
30020000079682
012282
1003242
30020000000187
30020000074483
30020000081465
002357
004711
002361
002823
002468
30020000075339
002861
002355
30020000108121
30020000065132
002363
003713
004677
002346
30020000094206
002413
005745
1008099
002372
30020000081057
30020000075324
30020000055521
002436
30020000039286
30020000092897
30020000108172
30020000108173
002352
30020000075993
30020000022600
30020000075020
30020000063748
002568
40040000003914
30020000108140
30020000079286
30020000068527
1008098
30020000081350
30020000071467
30020000071696
002340
30020000008790
30020000046562
30020000065051
005750
30020000090918
30020000091034
30020000015797
30020000069013
30020000020381
30020000003800
30020000060423
012281
30020000043882
30020000022360
30020000087486
30020000016071
30020000016080
30020000016085
30020000069068
002498
30020000068644
30020000079264
30020000074121
30020000041798
30020000079739
30020000043833
30020000108478
30020000077429
30020000064210
30020000046191
40040000012898
30020000039474
000435
30020000064484
008733
30020000081039
30020000108364
003578
30020000089458
005251
30020000067591
30020000078700
30020000067313
002274
30020000087282
30020000042889
002070
30020000039534
30020000074288
30020000038825
1008019
1008023
30020000003492
30020000074244
30020000003542
30020000036786
30020000053087
30020000043805
30020000069901
30020000006496
30020000065403
30020000024513
001641
002391
30020000040721
007317
001647
30020000040679
30020000040638
30020000073015
30020000073323
30020000068253
30020000054994
30020000054931
30020000094097
30020000054961
30020000043162
30020000040634
003579
002977
30020000073190
30020000108315
30020000074031
30020000108127
002983
30020000079014
002981
30020000040522
30020000073041
30020000073011
30020000079956
003683
30020000093037
30020000092168
30020000066309
40040000006831
40040000006828
30020000094224
30020000086138
006956
30020000080802
30020000080800
002109
30020000077791
40040000006832
002159
008697
003288
006146
1003025
007309
30020000066822
1002171
003574
30020000040619
30020000055536
002073
30020000092960
002362
002152
30020000048767
003569
001908
007715
008261
003094
004105
003092
005870
005869
005872
005871
30020000038652
004249
007719
005858
004714
1006899
002068
004406
002161
002877
002883
30020000068387
30020000068768
30020000068782
30020000046814
30020000068563
30020000047017
004787
30020000081604
007247
30020000092953
30020000062669
17217
1002728
30020000030540
30020000108576
30020000001425
40040000001745
008692
30020000016471
1003226
1003224
30020000001328
40040000016790
40040000004803
1003195
30020000075835
1003198
1003203
1003215
30020000075687
1003182
1003217
30020000071441
30020000075682
1003191
1003180
1003179
1003208
1003220
30020000075660
1003206
1003204
1003216
1003210
1003213
1003197
1003209
1003193
1003189
1003200
1003219
1003218
1003187
30020000075711
1003173
30020000075688
1003176
1003183
30020000075790
30020000075792
1003185
1003202
1003199
1003201
1003186
30020000075708
30020000075547
1003188
1003184
1003205
1003192
1003190
1003222
1003225
1003221
1003227
1003211
1003212
30020000086288
1003207
1003214
1003178
1003175
30020000075699
1003177
1003194
30020000035703
30020000003254
30020000003253
40040000003091
40040000011399
40040000004266
40040000012277
30020000016123
30020000021642
30020000040722
30020000025145
30020000003198
30020000003194
30020000011723
30020000003592
30020000011739
30020000063345
40040000011822
40040000013711
30020000011733
30020000074642
30020000074295
30020000003775
30020000004035
30020000004039
30020000003673
30020000003633
30020000003602
30020000004247
30020000025142
30020000025770
30020000083004
40040000009595
30020000012924
30020000012923
40040000007648
30020000002057
30020000015318
40040000001540
40040000009673
30020000000288
30020000000304
30020000047452
40040000000413
40040000000532
40040000008475
40040000008758
40040000003094
30020000003133
30020000003131
30020000003130
30020000003129
30020000003128
30020000003127
30020000003126
30020000003125
30020000003124
30020000003123
30020000003122
30020000003121
30020000003120
30020000003698
30020000004042
30020000004043
30020000007052
30020000011720
30020000003132
30020000003139
30020000003138
30020000003137
30020000003136
30020000003134
30020000003135
30020000037173
30020000092156
30020000009596
30020000066822
30020000061004
30020000108121
007309
30020000021831
40040000006461
40040000006462
002338
30020000030908
30020000030909
30020000030910
30020000030911
30020000030912
30020000030913
30020000030914
30020000030915
